Title:       	Reference module AETPL 100wp 12v
Comment:     	100 Watt
Op:          	Admin
ID:          	\
Mod Type:    	ModuleType1
Date:        	3/19/2017
Time:        	10:57:24
Irradiance:  	99.1509
Lamp Voltage:	2200
Corrected To:	100
Module Temp: 	19.6626
Corrected To:	25
RCCC:        	0.8700
Voc:         	22.5585
Isc:         	6.22256
Rseries:     	0.33948
Rshunt:      	183.754
Pmax:        	107.821
Vpm:         	18.3751
Ipm:         	5.86776
Fill Factor: 	0.76810
Active Eff:  	18.4878
Aperture Eff:	14.6730
Segment Area:	81
Segs in Ser: 	36
Segs in Par: 	2
Panel Area:  	7348.25
Vload:       	16.4
Ivld:        	6.06010
Pvld:        	99.3856
Frequency:   	500000
SweepDelay:  	5
SweepLength: 	25
SweepSlope:  	0.025
SweepDir:    	0
RCCC2:       	0.87
RCCC3:       	1.155
RCCC4:       	1.155
LampI:       	99.3618
IntV:        	5.19072
IntV2:       	5.21922
IntV3:       	5.18757
IntV4:       	5.18757
LoadV:       	9.2
PulseWidth1: 	26.504
PulseWidth2: 	32.248
PulseWidth3: 	0
PulseWidth4: 	0
TRef1:       	21.1390
TRef2:       	20.4020
TRef3:       	0
TRef4:       	0
 Voltage:    	 Current:
 -1.968707 	 6.3568340
 -1.968471 	 6.3565940
 -1.967938 	 6.3562400
 -1.967972 	 6.3560450
 -1.967592 	 6.3557210
 -1.967426 	 6.3553980
 -1.966955 	 6.3551590
 -1.966831 	 6.3548860
 -1.966389 	 6.3546610
 -1.966253 	 6.3543640
 -1.966030 	 6.3541050
 -1.965798 	 6.3536910
 -1.965734 	 6.3534790
 -1.965551 	 6.3533440
 -1.965283 	 6.3526950
 -1.965250 	 6.3528470
 -1.964991 	 6.3523730
 -1.964470 	 6.3519220
 -1.964259 	 6.3519920
 -1.964173 	 6.3513700
 -1.964374 	 6.3512160
 -1.963327 	 6.3508780
 -1.963050 	 6.3505630
 -1.963972 	 6.3504360
 -1.961864 	 6.3499780
 -1.963153 	 6.3497790
 -1.962048 	 6.3494730
 -1.961706 	 6.3492060
 -1.962126 	 6.3489130
 -1.961303 	 6.3486260
 -1.961467 	 6.3483690
 -1.960928 	 6.3480340
 -1.960999 	 6.3477620
 -1.960495 	 6.3475540
 -1.959966 	 6.3472290
 -1.959872 	 6.3468960
 -1.959735 	 6.3466840
 -1.959536 	 6.3463260
 -1.959293 	 6.3461200
 -1.958963 	 6.3458150
 -1.958539 	 6.3455800
 -1.958187 	 6.3453610
 -1.958058 	 6.3449750
 -1.957812 	 6.3446500
 -1.957694 	 6.3445700
 -1.957225 	 6.3440660
 -1.957006 	 6.3438790
 -1.956680 	 6.3436650
 -1.956451 	 6.3431830
 -1.956224 	 6.3431700
 -1.955593 	 6.3425400
 -1.955835 	 6.3425830
 -1.954868 	 6.3420360
 -1.955596 	 6.3418970
 -1.953780 	 6.3415500
 -1.955175 	 6.3413130
 -1.953303 	 6.3409110
 -1.954425 	 6.3406650
 -1.953193 	 6.3403380
 -1.953179 	 6.3401110
 -1.952564 	 6.3397060
 -1.952901 	 6.3394710
 -1.951933 	 6.3390660
 -1.952032 	 6.3388650
 -1.951324 	 6.3386200
 -1.951401 	 6.3382400
 -1.950950 	 6.3379620
 -1.950753 	 6.3376450
 -1.950299 	 6.3374070
 -1.950010 	 6.3370650
 -1.949791 	 6.3367400
 -1.949394 	 6.3365890
 -1.949135 	 6.3360630
 -1.948736 	 6.3359980
 -1.948347 	 6.3354330
 -1.947941 	 6.3354250
 -1.947504 	 6.3348420
 -1.947704 	 6.3347490
 -1.946436 	 6.3342980
 -1.947211 	 6.3341150
 -1.945735 	 6.3336960
 -1.946397 	 6.3334420
 -1.945182 	 6.3330760
 -1.945405 	 6.3327980
 -1.944719 	 6.3324810
 -1.944046 	 6.3322090
 -1.944408 	 6.3318950
 -1.943433 	 6.3315380
 -1.943399 	 6.3312150
 -1.942678 	 6.3309850
 -1.942595 	 6.3306370
 -1.942096 	 6.3303410
 -1.941582 	 6.3299830
 -1.941403 	 6.3297240
 -1.941070 	 6.3294430
 -1.940544 	 6.3291530
 -1.940202 	 6.3286080
 -1.939887 	 6.3285830
 -1.939476 	 6.3279530
 -1.938768 	 6.3278900
 -1.938900 	 6.3274660
 -1.937982 	 6.3271850
 -1.938770 	 6.3269480
 -1.936653 	 6.3264430
 -1.937599 	 6.3262580
 -1.936502 	 6.3259530
 -1.936360 	 6.3255690
 -1.936090 	 6.3252990
 -1.935257 	 6.3249910
 -1.935411 	 6.3246840
 -1.934789 	 6.3243880
 -1.934117 	 6.3239950
 -1.934001 	 6.3237330
 -1.933138 	 6.3234060
 -1.933042 	 6.3231740
 -1.932518 	 6.3228240
 -1.932140 	 6.3223640
 -1.931810 	 6.3223570
 -1.931316 	 6.3217310
 -1.930755 	 6.3215180
 -1.930116 	 6.3214400
 -1.929716 	 6.3207800
 -1.929570 	 6.3206480
 -1.929582 	 6.3203310
 -1.927749 	 6.3198990
 -1.928406 	 6.3197280
 -1.927735 	 6.3193770
 -1.926761 	 6.3189440
 -1.926808 	 6.3187270
 -1.926346 	 6.3183600
 -1.925339 	 6.3180710
 -1.925343 	 6.3177620
 -1.924945 	 6.3174270
 -1.924642 	 6.3170740
 -1.924023 	 6.3167330
 -1.923379 	 6.3163630
 -1.923052 	 6.3160450
 -1.922670 	 6.3159240
 -1.922291 	 6.3153430
 -1.921641 	 6.3149230
 -1.920858 	 6.3149180
 -1.920696 	 6.3144130
 -1.919531 	 6.3139760
 -1.920166 	 6.3137500
 -1.919426 	 6.3134510
 -1.917769 	 6.3130740
 -1.918155 	 6.3127010
 -1.917732 	 6.3124160
 -1.916917 	 6.3120570
 -1.915989 	 6.3117740
 -1.915932 	 6.3114620
 -1.915239 	 6.3110600
 -1.914495 	 6.3107870
 -1.913956 	 6.3104500
 -1.913463 	 6.3101490
 -1.913042 	 6.3096800
 -1.912431 	 6.3093500
 -1.911706 	 6.3093290
 -1.911112 	 6.3087890
 -1.910509 	 6.3083140
 -1.910017 	 6.3081730
 -1.910028 	 6.3078230
 -1.908340 	 6.3074360
 -1.907521 	 6.3070210
 -1.907695 	 6.3067260
 -1.906969 	 6.3064290
 -1.905946 	 6.3060060
 -1.905008 	 6.3056370
 -1.904710 	 6.3053050
 -1.904242 	 6.3049520
 -1.903409 	 6.3046240
 -1.902558 	 6.3041910
 -1.901864 	 6.3039220
 -1.901340 	 6.3036360
 -1.900521 	 6.3029940
 -1.899772 	 6.3026670
 -1.899038 	 6.3025720
 -1.898708 	 6.3020720
 -1.897281 	 6.3016640
 -1.896605 	 6.3012690
 -1.896853 	 6.3010150
 -1.895079 	 6.3005740
 -1.894419 	 6.3001750
 -1.893962 	 6.2998920
 -1.893151 	 6.2995640
 -1.892061 	 6.2990480
 -1.891391 	 6.2987540
 -1.890905 	 6.2983850
 -1.889804 	 6.2980530
 -1.888982 	 6.2977130
 -1.888287 	 6.2973390
 -1.887530 	 6.2971200
 -1.886629 	 6.2964510
 -1.885916 	 6.2963600
 -1.885011 	 6.2961110
 -1.884349 	 6.2955790
 -1.883049 	 6.2952530
 -1.883460 	 6.2950090
 -1.882160 	 6.2946690
 -1.880117 	 6.2942550
 -1.880461 	 6.2940120
 -1.879426 	 6.2936170
 -1.878437 	 6.2932790
 -1.877599 	 6.2929580
 -1.876839 	 6.2926400
 -1.875778 	 6.2922390
 -1.874740 	 6.2919100
 -1.873959 	 6.2915260
 -1.872955 	 6.2911680
 -1.872181 	 6.2908700
 -1.871147 	 6.2906740
 -1.870504 	 6.2899500
 -1.869154 	 6.2896900
 -1.868353 	 6.2895490
 -1.867329 	 6.2890150
 -1.865876 	 6.2886730
 -1.866286 	 6.2883730
 -1.863909 	 6.2880100
 -1.863163 	 6.2875990
 -1.862942 	 6.2873400
 -1.861052 	 6.2868950
 -1.860377 	 6.2864660
 -1.859263 	 6.2861160
 -1.858103 	 6.2857670
 -1.857002 	 6.2854290
 -1.856141 	 6.2850770
 -1.854807 	 6.2846420
 -1.853750 	 6.2842710
 -1.852702 	 6.2838980
 -1.851674 	 6.2833550
 -1.850271 	 6.2832740
 -1.849035 	 6.2827750
 -1.847944 	 6.2821670
 -1.846848 	 6.2820810
 -1.845485 	 6.2816130
 -1.843939 	 6.2812230
 -1.844043 	 6.2810130
 -1.841408 	 6.2804220
 -1.840576 	 6.2801310
 -1.840175 	 6.2797730
 -1.837873 	 6.2793670
 -1.837120 	 6.2790250
 -1.835837 	 6.2786940
 -1.834265 	 6.2782740
 -1.833342 	 6.2779310
 -1.831559 	 6.2775580
 -1.830636 	 6.2772560
 -1.829040 	 6.2768300
 -1.827650 	 6.2764860
 -1.826290 	 6.2761220
 -1.825115 	 6.2756550
 -1.823525 	 6.2753710
 -1.822083 	 6.2752220
 -1.820666 	 6.2743920
 -1.819116 	 6.2744070
 -1.817662 	 6.2738240
 -1.815776 	 6.2734850
 -1.815386 	 6.2732040
 -1.812081 	 6.2726370
 -1.811938 	 6.2723770
 -1.809712 	 6.2719060
 -1.808129 	 6.2716200
 -1.806984 	 6.2712100
 -1.804682 	 6.2708440
 -1.803191 	 6.2704140
 -1.801476 	 6.2700870
 -1.799846 	 6.2697170
 -1.798208 	 6.2693670
 -1.796101 	 6.2689940
 -1.794671 	 6.2686860
 -1.792865 	 6.2682320
 -1.790657 	 6.2679230
 -1.789125 	 6.2674590
 -1.786968 	 6.2671750
 -1.785317 	 6.2668380
 -1.783243 	 6.2662650
 -1.781382 	 6.2661020
 -1.779193 	 6.2654350
 -1.777666 	 6.2652640
 -1.774957 	 6.2648460
 -1.773101 	 6.2644810
 -1.771411 	 6.2640840
 -1.768590 	 6.2637150
 -1.767338 	 6.2633630
 -1.764458 	 6.2629140
 -1.762837 	 6.2625250
 -1.760483 	 6.2621990
 -1.758147 	 6.2617860
 -1.755891 	 6.2614650
 -1.753597 	 6.2610490
 -1.751400 	 6.2607380
 -1.748850 	 6.2604070
 -1.746397 	 6.2600430
 -1.744181 	 6.2595870
 -1.741585 	 6.2593070
 -1.739197 	 6.2588190
 -1.736391 	 6.2586970
 -1.734057 	 6.2579820
 -1.730970 	 6.2580690
 -1.728639 	 6.2573530
 -1.725581 	 6.2572920
 -1.722925 	 6.2567070
 -1.720165 	 6.2565070
 -1.717078 	 6.2561290
 -1.714505 	 6.2558050
 -1.711377 	 6.2553830
 -1.708752 	 6.2550970
 -1.705489 	 6.2547300
 -1.702399 	 6.2543680
 -1.699823 	 6.2540090
 -1.696089 	 6.2535440
 -1.693541 	 6.2533360
 -1.689718 	 6.2528450
 -1.686833 	 6.2524970
 -1.683208 	 6.2521190
 -1.680053 	 6.2517710
 -1.676736 	 6.2514420
 -1.673034 	 6.2509290
 -1.669610 	 6.2506760
 -1.665967 	 6.2503070
 -1.662192 	 6.2500370
 -1.658958 	 6.2495160
 -1.654965 	 6.2492620
 -1.651309 	 6.2487850
 -1.647358 	 6.2485700
 -1.643484 	 6.2479830
 -1.639336 	 6.2478720
 -1.635422 	 6.2473340
 -1.631650 	 6.2470460
 -1.626957 	 6.2466570
 -1.623814 	 6.2463380
 -1.618347 	 6.2459640
 -1.615235 	 6.2457120
 -1.609553 	 6.2453100
 -1.606386 	 6.2450200
 -1.600897 	 6.2445830
 -1.596691 	 6.2443560
 -1.591408 	 6.2440220
 -1.587180 	 6.2436740
 -1.581777 	 6.2433350
 -1.577289 	 6.2430550
 -1.572067 	 6.2427010
 -1.567448 	 6.2423920
 -1.562038 	 6.2420220
 -1.556818 	 6.2417790
 -1.551242 	 6.2414540
 -1.545871 	 6.2411200
 -1.540475 	 6.2408900
 -1.534563 	 6.2404750
 -1.528954 	 6.2403490
 -1.523151 	 6.2399450
 -1.517439 	 6.2395290
 -1.511027 	 6.2395610
 -1.504960 	 6.2388110
 -1.498482 	 6.2389300
 -1.492373 	 6.2383300
 -1.486084 	 6.2382580
 -1.478541 	 6.2378490
 -1.472483 	 6.2376300
 -1.465396 	 6.2373670
 -1.458079 	 6.2370730
 -1.451591 	 6.2369300
 -1.443396 	 6.2365430
 -1.437024 	 6.2363920
 -1.428925 	 6.2361200
 -1.421431 	 6.2358780
 -1.413262 	 6.2356460
 -1.405329 	 6.2353990
 -1.397182 	 6.2352090
 -1.388611 	 6.2349450
 -1.380604 	 6.2348160
 -1.371354 	 6.2344400
 -1.362824 	 6.2343050
 -1.353808 	 6.2339910
 -1.344390 	 6.2338210
 -1.335089 	 6.2337000
 -1.325186 	 6.2333820
 -1.315302 	 6.2332050
 -1.305322 	 6.2330550
 -1.295181 	 6.2327340
 -1.284791 	 6.2326190
 -1.274090 	 6.2325700
 -1.263257 	 6.2320710
 -1.251750 	 6.2322790
 -1.240890 	 6.2318200
 -1.229138 	 6.2316670
 -1.217030 	 6.2317070
 -1.204945 	 6.2312330
 -1.193553 	 6.2313900
 -1.179733 	 6.2310100
 -1.167480 	 6.2309090
 -1.155015 	 6.2308160
 -1.140044 	 6.2305350
 -1.127554 	 6.2305510
 -1.113206 	 6.2303120
 -1.098514 	 6.2301300
 -1.084959 	 6.2300650
 -1.069163 	 6.2298410
 -1.054646 	 6.2297260
 -1.038761 	 6.2295550
 -1.022748 	 6.2293300
 -1.007031 	 6.2292620
 -0.989794 	 6.2291290
 -0.973089 	 6.2288450
 -0.956149 	 6.2287650
 -0.938132 	 6.2286000
 -0.920038 	 6.2284450
 -0.901934 	 6.2283090
 -0.882784 	 6.2280730
 -0.863742 	 6.2279770
 -0.843964 	 6.2278130
 -0.824020 	 6.2276820
 -0.803511 	 6.2275540
 -0.782472 	 6.2273630
 -0.760861 	 6.2271450
 -0.739208 	 6.2268740
 -0.716856 	 6.2270480
 -0.693845 	 6.2267780
 -0.670547 	 6.2263510
 -0.646614 	 6.2266120
 -0.622294 	 6.2261920
 -0.597400 	 6.2258800
 -0.572084 	 6.2259170
 -0.546254 	 6.2257400
 -0.519229 	 6.2254080
 -0.492849 	 6.2253720
 -0.464580 	 6.2252030
 -0.435877 	 6.2249570
 -0.408283 	 6.2248630
 -0.378078 	 6.2246510
 -0.347085 	 6.2244590
 -0.317512 	 6.2243390
 -0.286049 	 6.2241630
 -0.252966 	 6.2239640
 -0.220900 	 6.2237810
 -0.187494 	 6.2235700
 -0.152913 	 6.2233890
 -0.118012 	 6.2232300
 -0.082409 	 6.2229430
 -0.046001 	 6.2227730
 -0.008611 	 6.2226050
 0.0293137 	 6.2223450
 0.0683111 	 6.2221710
 0.1077337 	 6.2219940
 0.1480506 	 6.2218030
 0.1895338 	 6.2215430
 0.2319567 	 6.2213320
 0.2748718 	 6.2210310
 0.3185686 	 6.2207750
 0.3634927 	 6.2206380
 0.4094422 	 6.2203780
 0.4562649 	 6.2200190
 0.5038208 	 6.2198000
 0.5526652 	 6.2195940
 0.6023676 	 6.2193650
 0.6533813 	 6.2189550
 0.7048528 	 6.2187830
 0.7576141 	 6.2184450
 0.8116293 	 6.2181530
 0.8667637 	 6.2179460
 0.9226747 	 6.2176770
 0.9797883 	 6.2171660
 1.0382280 	 6.2167320
 1.0976150 	 6.2167430
 1.1582830 	 6.2163430
 1.2202590 	 6.2157130
 1.2833760 	 6.2153190
 1.3480070 	 6.2152090
 1.4132840 	 6.2147910
 1.4805730 	 6.2142010
 1.5483220 	 6.2138440
 1.6174190 	 6.2135000
 1.6888010 	 6.2130640
 1.7613070 	 6.2124750
 1.8342470 	 6.2121220
 1.9082550 	 6.2117430
 1.9853680 	 6.2111280
 2.0638170 	 6.2105010
 2.1418980 	 6.2100420
 2.2212950 	 6.2095700
 2.3040850 	 6.2089470
 2.3883400 	 6.2082490
 2.4724970 	 6.2076700
 2.5578630 	 6.2070660
 2.6458580 	 6.2064050
 2.7352880 	 6.2056130
 2.8260810 	 6.2049250
 2.9174490 	 6.2042060
 3.0111780 	 6.2034640
 3.1063010 	 6.2025330
 3.2027400 	 6.2016560
 3.3003470 	 6.2007990
 3.3994770 	 6.1999130
 3.5004140 	 6.1988660
 3.6026830 	 6.1978030
 3.7058840 	 6.1968160
 3.8103410 	 6.1957780
 3.9167130 	 6.1946110
 4.0242920 	 6.1934300
 4.1325900 	 6.1921280
 4.2421520 	 6.1909510
 4.3531600 	 6.1896100
 4.4655180 	 6.1882850
 4.5787440 	 6.1868000
 4.6930400 	 6.1852990
 4.8079500 	 6.1838970
 4.9240080 	 6.1823910
 5.0412950 	 6.1809560
 5.1592730 	 6.1795700
 5.2784310 	 6.1782650
 5.3982700 	 6.1770270
 5.5191870 	 6.1758160
 5.6406570 	 6.1745880
 5.7632120 	 6.1732950
 5.8861410 	 6.1720840
 6.0098300 	 6.1708560
 6.1342870 	 6.1694970
 6.2593350 	 6.1680800
 6.3847220 	 6.1668970
 6.5104520 	 6.1658640
 6.6370350 	 6.1646950
 6.7644870 	 6.1635020
 6.8921790 	 6.1620740
 7.0199280 	 6.1608080
 7.1485840 	 6.1597940
 7.2775990 	 6.1589140
 7.4068910 	 6.1580170
 7.5364900 	 6.1568380
 7.6666630 	 6.1556680
 7.7969850 	 6.1544480
 7.9271970 	 6.1535240
 8.0583790 	 6.1526920
 8.1893630 	 6.1519040
 8.3208360 	 6.1509820
 8.4522670 	 6.1500030
 8.5843980 	 6.1490970
 8.7164630 	 6.1480950
 8.8485460 	 6.1472290
 8.9805560 	 6.1465160
 9.1130400 	 6.1456730
 9.2463430 	 6.1448850
 9.3797130 	 6.1439850
 9.5133020 	 6.1431020
 9.6464970 	 6.1422490
 9.7800180 	 6.1415370
 9.9133270 	 6.1407810
 10.047020 	 6.1400650
 10.180900 	 6.1392460
 10.315340 	 6.1384050
 10.450120 	 6.1376660
 10.585360 	 6.1369550
 10.720030 	 6.1361520
 10.854990 	 6.1353680
 10.989740 	 6.1345560
 11.124540 	 6.1338810
 11.259470 	 6.1332170
 11.394870 	 6.1324630
 11.530780 	 6.1316170
 11.666970 	 6.1308590
 11.803400 	 6.1301110
 11.939590 	 6.1292840
 12.075860 	 6.1284620
 12.211770 	 6.1276640
 12.347670 	 6.1269060
 12.484160 	 6.1262150
 12.620280 	 6.1253670
 12.757030 	 6.1244500
 12.893860 	 6.1235820
 13.030340 	 6.1227040
 13.167290 	 6.1217730
 13.304190 	 6.1208340
 13.440710 	 6.1198140
 13.576800 	 6.1187450
 13.713020 	 6.1177730
 13.849210 	 6.1166540
 13.984880 	 6.1155030
 14.119950 	 6.1142840
 14.254530 	 6.1130650
 14.389380 	 6.1117550
 14.523350 	 6.1102900
 14.656300 	 6.1087670
 14.788160 	 6.1069830
 14.919100 	 6.1052370
 15.049050 	 6.1033380
 15.176890 	 6.1010770
 15.302420 	 6.0985160
 15.425430 	 6.0954540
 15.544900 	 6.0918800
 15.661050 	 6.0880360
 15.774120 	 6.0840640
 15.883180 	 6.0800720
 15.988090 	 6.0760400
 16.088950 	 6.0720440
 16.185410 	 6.0683090
 16.277570 	 6.0646910
 16.364830 	 6.0613960
 16.447940 	 6.0583500
 16.525990 	 6.0554340
 16.599480 	 6.0529960
 16.668490 	 6.0509060
 16.733000 	 6.0490060
 16.793200 	 6.0475350
 16.849200 	 6.0462620
 16.900490 	 6.0452280
 16.947830 	 6.0445940
 16.991550 	 6.0441040
 17.031430 	 6.0438810
 17.067910 	 6.0438340
 17.101150 	 6.0439250
 17.130980 	 6.0442370
 17.158550 	 6.0446070
 17.183030 	 6.0451530
 17.205080 	 6.0457290
 17.225240 	 6.0463750
 17.242830 	 6.0470470
 17.258900 	 6.0477140
 17.273690 	 6.0484300
 17.286480 	 6.0491740
 17.298120 	 6.0499140
 17.308470 	 6.0505370
 17.318370 	 6.0512500
 17.327260 	 6.0518730
 17.335280 	 6.0524130
 17.343160 	 6.0529200
 17.350530 	 6.0532890
 17.357680 	 6.0536820
 17.364610 	 6.0539880
 17.371870 	 6.0541760
 17.378350 	 6.0542370
 17.385510 	 6.0542920
 17.392490 	 6.0542280
 17.399840 	 6.0540220
 17.407000 	 6.0538290
 17.414790 	 6.0534080
 17.422400 	 6.0530390
 17.430480 	 6.0524990
 17.438750 	 6.0518150
 17.447550 	 6.0511830
 17.456370 	 6.0504440
 17.465230 	 6.0496530
 17.474430 	 6.0487910
 17.483810 	 6.0478430
 17.493120 	 6.0468830
 17.502520 	 6.0458360
 17.512400 	 6.0447370
 17.521680 	 6.0435880
 17.531360 	 6.0424900
 17.541340 	 6.0413000
 17.551310 	 6.0401050
 17.560730 	 6.0389190
 17.570720 	 6.0376520
 17.580430 	 6.0365300
 17.589900 	 6.0353060
 17.599280 	 6.0341090
 17.608440 	 6.0329780
 17.617420 	 6.0318550
 17.626230 	 6.0306900
 17.635020 	 6.0295520
 17.643440 	 6.0283620
 17.651700 	 6.0273700
 17.659820 	 6.0263040
 17.667910 	 6.0252470
 17.675890 	 6.0242070
 17.683090 	 6.0232510
 17.690340 	 6.0223000
 17.697810 	 6.0212890
 17.704780 	 6.0203210
 17.711440 	 6.0193680
 17.718140 	 6.0183970
 17.724760 	 6.0174220
 17.730880 	 6.0164770
 17.737040 	 6.0155760
 17.743310 	 6.0146860
 17.749270 	 6.0136740
 17.755230 	 6.0126560
 17.761080 	 6.0117960
 17.767010 	 6.0110490
 17.772780 	 6.0101950
 17.778340 	 6.0093140
 17.783570 	 6.0083560
 17.789060 	 6.0073420
 17.794760 	 6.0063020
 17.800280 	 6.0054780
 17.806020 	 6.0047250
 17.811030 	 6.0038940
 17.816630 	 6.0028200
 17.822000 	 6.0017360
 17.827310 	 6.0007110
 17.832720 	 5.9997840
 17.838200 	 5.9989610
 17.843370 	 5.9980390
 17.848860 	 5.9968800
 17.854230 	 5.9956740
 17.859620 	 5.9946030
 17.864490 	 5.9936730
 17.869650 	 5.9927260
 17.875440 	 5.9916420
 17.881290 	 5.9904710
 17.886310 	 5.9893730
 17.890630 	 5.9885020
 17.895890 	 5.9874410
 17.902330 	 5.9863950
 17.908220 	 5.9851900
 17.912970 	 5.9841790
 17.917410 	 5.9831810
 17.922780 	 5.9821280
 17.929190 	 5.9808790
 17.934440 	 5.9798610
 17.939070 	 5.9788740
 17.943930 	 5.9777580
 17.949770 	 5.9765570
 17.955550 	 5.9754300
 17.960460 	 5.9743570
 17.965310 	 5.9733410
 17.970850 	 5.9722200
 17.976360 	 5.9710990
 17.981310 	 5.9699910
 17.986370 	 5.9688530
 17.991850 	 5.9677710
 17.996920 	 5.9666440
 18.001520 	 5.9654830
 18.006740 	 5.9643160
 18.012010 	 5.9631400
 18.017190 	 5.9619890
 18.021930 	 5.9608930
 18.027000 	 5.9598350
 18.032270 	 5.9586630
 18.037560 	 5.9575550
 18.042460 	 5.9563600
 18.047310 	 5.9551910
 18.052190 	 5.9540750
 18.057160 	 5.9529500
 18.062210 	 5.9517340
 18.067220 	 5.9505320
 18.072110 	 5.9494290
 18.076770 	 5.9482040
 18.081760 	 5.9470600
 18.086250 	 5.9461440
 18.091420 	 5.9446850
 18.096220 	 5.9435120
 18.100750 	 5.9427570
 18.105780 	 5.9412880
 18.110560 	 5.9398960
 18.115510 	 5.9390200
 18.120300 	 5.9378440
 18.125470 	 5.9364040
 18.129200 	 5.9353450
 18.134520 	 5.9342880
 18.140060 	 5.9328910
 18.143770 	 5.9317700
 18.148710 	 5.9305930
 18.154510 	 5.9292280
 18.158090 	 5.9281760
 18.163040 	 5.9269600
 18.168940 	 5.9256730
 18.172620 	 5.9245580
 18.177760 	 5.9232540
 18.182790 	 5.9219620
 18.186910 	 5.9207600
 18.192170 	 5.9195290
 18.196820 	 5.9183070
 18.201370 	 5.9170670
 18.206590 	 5.9158040
 18.210820 	 5.9146130
 18.215570 	 5.9133240
 18.220630 	 5.9120580
 18.225240 	 5.9107200
 18.229990 	 5.9095300
 18.234800 	 5.9081870
 18.239690 	 5.9068840
 18.244620 	 5.9055790
 18.249000 	 5.9041700
 18.253860 	 5.9028800
 18.258610 	 5.9015730
 18.263480 	 5.9001410
 18.268350 	 5.8991160
 18.273200 	 5.8975100
 18.277620 	 5.8962020
 18.282480 	 5.8951210
 18.287360 	 5.8933850
 18.292120 	 5.8924250
 18.296850 	 5.8908140
 18.301050 	 5.8894670
 18.305980 	 5.8881790
 18.310930 	 5.8866920
 18.314600 	 5.8855760
 18.320800 	 5.8840050
 18.323890 	 5.8827710
 18.329620 	 5.8812920
 18.334080 	 5.8799450
 18.338320 	 5.8785900
 18.343690 	 5.8771940
 18.347510 	 5.8759270
 18.352350 	 5.8745550
 18.356520 	 5.8731680
 18.361420 	 5.8718410
 18.365780 	 5.8704510
 18.370750 	 5.8691300
 18.375140 	 5.8677650
 18.379200 	 5.8662700
 18.383880 	 5.8648230
 18.388140 	 5.8633890
 18.392760 	 5.8619800
 18.397200 	 5.8604580
 18.401780 	 5.8590760
 18.406190 	 5.8575460
 18.410550 	 5.8563000
 18.414930 	 5.8544910
 18.419010 	 5.8534410
 18.423680 	 5.8516110
 18.428100 	 5.8507300
 18.432400 	 5.8489330
 18.436040 	 5.8476390
 18.441230 	 5.8460680
 18.444290 	 5.8447070
 18.450300 	 5.8431600
 18.453220 	 5.8417990
 18.459010 	 5.8403130
 18.462070 	 5.8388600
 18.467220 	 5.8373290
 18.470910 	 5.8359000
 18.475630 	 5.8343940
 18.479750 	 5.8328950
 18.484750 	 5.8313280
 18.488920 	 5.8300070
 18.493180 	 5.8284890
 18.497410 	 5.8269230
 18.502330 	 5.8253480
 18.506730 	 5.8238920
 18.511170 	 5.8223880
 18.515390 	 5.8208550
 18.519990 	 5.8191860
 18.524400 	 5.8179290
 18.528980 	 5.8159320
 18.533080 	 5.8148700
 18.537890 	 5.8128910
 18.542150 	 5.8116620
 18.546620 	 5.8097810
 18.551220 	 5.8083890
 18.554930 	 5.8067030
 18.560630 	 5.8050440
 18.563650 	 5.8035710
 18.569550 	 5.8018590
 18.572730 	 5.8003740
 18.577980 	 5.7987070
 18.581950 	 5.7971760
 18.586280 	 5.7955350
 18.591340 	 5.7939310
 18.595360 	 5.7923460
 18.599780 	 5.7906440
 18.603920 	 5.7889370
 18.608610 	 5.7873330
 18.612980 	 5.7857680
 18.617100 	 5.7841090
 18.621370 	 5.7824390
 18.625610 	 5.7808730
 18.630000 	 5.7790000
 18.634460 	 5.7777770
 18.638690 	 5.7756520
 18.642930 	 5.7742430
 18.647290 	 5.7724810
 18.652580 	 5.7708180
 18.655320 	 5.7692890
 18.660850 	 5.7674110
 18.664680 	 5.7657400
 18.669070 	 5.7640590
 18.673860 	 5.7623250
 18.677660 	 5.7606120
 18.682290 	 5.7588690
 18.686510 	 5.7571480
 18.690660 	 5.7553850
 18.695420 	 5.7536420
 18.699530 	 5.7519310
 18.703940 	 5.7500870
 18.708580 	 5.7483930
 18.712770 	 5.7467020
 18.716850 	 5.7447920
 18.721060 	 5.7431190
 18.725680 	 5.7415180
 18.730210 	 5.7393630
 18.734200 	 5.7378590
 18.738280 	 5.7359880
 18.743650 	 5.7341900
 18.746650 	 5.7324050
 18.751300 	 5.7305560
 18.756620 	 5.7287570
 18.759580 	 5.7270420
 18.764170 	 5.7250560
 18.768610 	 5.7232690
 18.772790 	 5.7214820
 18.777020 	 5.7197380
 18.781310 	 5.7178720
 18.785070 	 5.7159800
 18.789450 	 5.7141370
 18.794080 	 5.7122840
 18.798150 	 5.7105200
 18.802310 	 5.7086540
 18.806200 	 5.7065220
 18.810490 	 5.7048140
 18.815030 	 5.7029630
 18.819550 	 5.7007810
 18.823760 	 5.6990260
 18.826690 	 5.6970920
 18.831910 	 5.6951230
 18.836640 	 5.6931780
 18.839730 	 5.6913810
 18.844250 	 5.6895170
 18.848560 	 5.6875700
 18.852720 	 5.6856850
 18.856710 	 5.6837480
 18.860950 	 5.6817800
 18.865260 	 5.6797180
 18.869670 	 5.6778530
 18.873830 	 5.6759700
 18.877860 	 5.6737560
 18.882290 	 5.6718580
 18.886360 	 5.6701720
 18.890390 	 5.6679200
 18.894870 	 5.6658690
 18.898890 	 5.6640200
 18.902270 	 5.6621330
 18.907530 	 5.6600170
 18.912090 	 5.6578610
 18.915450 	 5.6559530
 18.919530 	 5.6540370
 18.924120 	 5.6520090
 18.928790 	 5.6498270
 18.932720 	 5.6477980
 18.936680 	 5.6456910
 18.940860 	 5.6437160
 18.945320 	 5.6415670
 18.949490 	 5.6394960
 18.953590 	 5.6374110
 18.957840 	 5.6350190
 18.962140 	 5.6330420
 18.966320 	 5.6311310
 18.970210 	 5.6289290
 18.975210 	 5.6267050
 18.978820 	 5.6245900
 18.982050 	 5.6226870
 18.987300 	 5.6204660
 18.991830 	 5.6182920
 18.995560 	 5.6162870
 18.999340 	 5.6140890
 19.004050 	 5.6119420
 19.008360 	 5.6097880
 19.012250 	 5.6075130
 19.016560 	 5.6054850
 19.020700 	 5.6031230
 19.025040 	 5.6009650
 19.029310 	 5.5989040
 19.033440 	 5.5962970
 19.037740 	 5.5942620
 19.042180 	 5.5921610
 19.046270 	 5.5897050
 19.050710 	 5.5874660
 19.053630 	 5.5852950
 19.058550 	 5.5830980
 19.063170 	 5.5806100
 19.066800 	 5.5785200
 19.070740 	 5.5763250
 19.074970 	 5.5739060
 19.079690 	 5.5718430
 19.082960 	 5.5694380
 19.087930 	 5.5672460
 19.091840 	 5.5650040
 19.095990 	 5.5625880
 19.100400 	 5.5603380
 19.104500 	 5.5578920
 19.108990 	 5.5558370
 19.113010 	 5.5531750
 19.117310 	 5.5508730
 19.121900 	 5.5489200
 19.125610 	 5.5461250
 19.130930 	 5.5440320
 19.133300 	 5.5416680
 19.139130 	 5.5392880
 19.143410 	 5.5368280
 19.146860 	 5.5344160
 19.151690 	 5.5320680
 19.155790 	 5.5295450
 19.160190 	 5.5272280
 19.164340 	 5.5246560
 19.168990 	 5.5223300
 19.172550 	 5.5198860
 19.177310 	 5.5173610
 19.181670 	 5.5149000
 19.185640 	 5.5123500
 19.190350 	 5.5098040
 19.194160 	 5.5074510
 19.198930 	 5.5050150
 19.202920 	 5.5021650
 19.208000 	 5.5001420
 19.211850 	 5.4972480
 19.216600 	 5.4947260
 19.219690 	 5.4923740
 19.225090 	 5.4896060
 19.229170 	 5.4872150
 19.232700 	 5.4845990
 19.237330 	 5.4820610
 19.240910 	 5.4795860
 19.245610 	 5.4769590
 19.249670 	 5.4744220
 19.253600 	 5.4717620
 19.257860 	 5.4692580
 19.261670 	 5.4665960
 19.265900 	 5.4639690
 19.270180 	 5.4614400
 19.273860 	 5.4586820
 19.278520 	 5.4561060
 19.281970 	 5.4535170
 19.286380 	 5.4510390
 19.290310 	 5.4481250
 19.294440 	 5.4457740
 19.298900 	 5.4428620
 19.302680 	 5.4402260
 19.306510 	 5.4376470
 19.311420 	 5.4348200
 19.314420 	 5.4322060
 19.319810 	 5.4294820
 19.323170 	 5.4267900
 19.327100 	 5.4240220
 19.331810 	 5.4212550
 19.335210 	 5.4185320
 19.339840 	 5.4157910
 19.344070 	 5.4130130
 19.347560 	 5.4102540
 19.352000 	 5.4074640
 19.355880 	 5.4047690
 19.360230 	 5.4021120
 19.364270 	 5.3991710
 19.368410 	 5.3963020
 19.372660 	 5.3937130
 19.376740 	 5.3906950
 19.380860 	 5.3879190
 19.385330 	 5.3851580
 19.389610 	 5.3820610
 19.393530 	 5.3794240
 19.398430 	 5.3763810
 19.401790 	 5.3735000
 19.406430 	 5.3706350
 19.410590 	 5.3676520
 19.414480 	 5.3649210
 19.419250 	 5.3619090
 19.422730 	 5.3590020
 19.427370 	 5.3560230
 19.431250 	 5.3529600
 19.435720 	 5.3500820
 19.439390 	 5.3471140
 19.443780 	 5.3440860
 19.447930 	 5.3411360
 19.451620 	 5.3380610
 19.456040 	 5.3350170
 19.459810 	 5.3320100
 19.463990 	 5.3288980
 19.467870 	 5.3260700
 19.471710 	 5.3228310
 19.475960 	 5.3200290
 19.480050 	 5.3166720
 19.483940 	 5.3139170
 19.488430 	 5.3106270
 19.491720 	 5.3077240
 19.496860 	 5.3045780
 19.499700 	 5.3016400
 19.505170 	 5.2984730
 19.508570 	 5.2955360
 19.512960 	 5.2922600
 19.517010 	 5.2891870
 19.521270 	 5.2859280
 19.525640 	 5.2829470
 19.530220 	 5.2796330
 19.534590 	 5.2765530
 19.538590 	 5.2732730
 19.543210 	 5.2700590
 19.547250 	 5.2668200
 19.552010 	 5.2636030
 19.555900 	 5.2603040
 19.560490 	 5.2570670
 19.564910 	 5.2537720
 19.569170 	 5.2504630
 19.573340 	 5.2471080
 19.577410 	 5.2439630
 19.581630 	 5.2404470
 19.585930 	 5.2373460
 19.590460 	 5.2338160
 19.594660 	 5.2308430
 19.599110 	 5.2271740
 19.602340 	 5.2239790
 19.607850 	 5.2206070
 19.610610 	 5.2172550
 19.616280 	 5.2139330
 19.618980 	 5.2105870
 19.624870 	 5.2071940
 19.627600 	 5.2038350
 19.632690 	 5.2004450
 19.636880 	 5.1970820
 19.641090 	 5.1936460
 19.645550 	 5.1902930
 19.649510 	 5.1866170
 19.654320 	 5.1834180
 19.658050 	 5.1797210
 19.662350 	 5.1763640
 19.666410 	 5.1727250
 19.670660 	 5.1692020
 19.674700 	 5.1657380
 19.678740 	 5.1620640
 19.682960 	 5.1586260
 19.686910 	 5.1549430
 19.691230 	 5.1515490
 19.695300 	 5.1479790
 19.699640 	 5.1441940
 19.703510 	 5.1408850
 19.708090 	 5.1370690
 19.712140 	 5.1336600
 19.716260 	 5.1300180
 19.720400 	 5.1262320
 19.724760 	 5.1228750
 19.729080 	 5.1190470
 19.732450 	 5.1155480
 19.738280 	 5.1118350
 19.740790 	 5.1083430
 19.746380 	 5.1044690
 19.749590 	 5.1009050
 19.754170 	 5.0970560
 19.759080 	 5.0934120
 19.762410 	 5.0895810
 19.767560 	 5.0858270
 19.771090 	 5.0819610
 19.776090 	 5.0782410
 19.779750 	 5.0743460
 19.783970 	 5.0706730
 19.788590 	 5.0667610
 19.792480 	 5.0630550
 19.797070 	 5.0590780
 19.801210 	 5.0553220
 19.805560 	 5.0514570
 19.809810 	 5.0476270
 19.813860 	 5.0436120
 19.818450 	 5.0398440
 19.822010 	 5.0357460
 19.826510 	 5.0322520
 19.830390 	 5.0279940
 19.835110 	 5.0243240
 19.838260 	 5.0203830
 19.843110 	 5.0162150
 19.847270 	 5.0124650
 19.851890 	 5.0084720
 19.855600 	 5.0042940
 19.859660 	 5.0005260
 19.864900 	 4.9963570
 19.867630 	 4.9923870
 19.872690 	 4.9883140
 19.877190 	 4.9841280
 19.880280 	 4.9802390
 19.885770 	 4.9760980
 19.889640 	 4.9721260
 19.893050 	 4.9679890
 19.898500 	 4.9638420
 19.902180 	 4.9598340
 19.906730 	 4.9557390
 19.911510 	 4.9515860
 19.914770 	 4.9473370
 19.920200 	 4.9431680
 19.923940 	 4.9389290
 19.928470 	 4.9348500
 19.932870 	 4.9304770
 19.936940 	 4.9264290
 19.941020 	 4.9219870
 19.945650 	 4.9177630
 19.949780 	 4.9134090
 19.954110 	 4.9092410
 19.958550 	 4.9049100
 19.962790 	 4.9005960
 19.967450 	 4.8963030
 19.971210 	 4.8918680
 19.975940 	 4.8875170
 19.979970 	 4.8832690
 19.984830 	 4.8790680
 19.988630 	 4.8741920
 19.993450 	 4.8702420
 19.997410 	 4.8657790
 20.001630 	 4.8611970
 20.006270 	 4.8568250
 20.010360 	 4.8527210
 20.015010 	 4.8479870
 20.018860 	 4.8435840
 20.023210 	 4.8392240
 20.028220 	 4.8345380
 20.031500 	 4.8301280
 20.035020 	 4.8256690
 20.040670 	 4.8209920
 20.045210 	 4.8166320
 20.047840 	 4.8120070
 20.053050 	 4.8074930
 20.058180 	 4.8028610
 20.061010 	 4.7982670
 20.066080 	 4.7937860
 20.070460 	 4.7889860
 20.074740 	 4.7844890
 20.078740 	 4.7796970
 20.083710 	 4.7751420
 20.087620 	 4.7703960
 20.091860 	 4.7658370
 20.096840 	 4.7609880
 20.101300 	 4.7562450
 20.105580 	 4.7516760
 20.109220 	 4.7466740
 20.114490 	 4.7420600
 20.118780 	 4.7371060
 20.122950 	 4.7324970
 20.127840 	 4.7275820
 20.131810 	 4.7226410
 20.136870 	 4.7179080
 20.140850 	 4.7129250
 20.145820 	 4.7082340
 20.149890 	 4.7031990
 20.154460 	 4.6983750
 20.158880 	 4.6935380
 20.163200 	 4.6885180
 20.168080 	 4.6836910
 20.171790 	 4.6784770
 20.176600 	 4.6736960
 20.181190 	 4.6687890
 20.185680 	 4.6637400
 20.189810 	 4.6584210
 20.194470 	 4.6537130
 20.198630 	 4.6487600
 20.203200 	 4.6435140
 20.207770 	 4.6382440
 20.211970 	 4.6333340
 20.216570 	 4.6285580
 20.220760 	 4.6232420
 20.225610 	 4.6179320
 20.229600 	 4.6128430
 20.234010 	 4.6079150
 20.238720 	 4.6024890
 20.243830 	 4.5972520
 20.247670 	 4.5920620
 20.250960 	 4.5870230
 20.256320 	 4.5817610
 20.261580 	 4.5763130
 20.265780 	 4.5711900
 20.269180 	 4.5658550
 20.273280 	 4.5606610
 20.279190 	 4.5554410
 20.283390 	 4.5499320
 20.287800 	 4.5448410
 20.291080 	 4.5393260
 20.296020 	 4.5341440
 20.300970 	 4.5285690
 20.305370 	 4.5232310
 20.309160 	 4.5178230
 20.313240 	 4.5122960
 20.318350 	 4.5069980
 20.322970 	 4.5014490
 20.327150 	 4.4960040
 20.331300 	 4.4904750
 20.335630 	 4.4850580
 20.340520 	 4.4794280
 20.345240 	 4.4738750
 20.349470 	 4.4684210
 20.353450 	 4.4628000
 20.358040 	 4.4572280
 20.362940 	 4.4516320
 20.367190 	 4.4459420
 20.371360 	 4.4403610
 20.376170 	 4.4347600
 20.380080 	 4.4289630
 20.384790 	 4.4233930
 20.389710 	 4.4175630
 20.393600 	 4.4119090
 20.398980 	 4.4063080
 20.402650 	 4.4003430
 20.407570 	 4.3947810
 20.412010 	 4.3887890
 20.416630 	 4.3830680
 20.421240 	 4.3772370
 20.425340 	 4.3713020
 20.430020 	 4.3655040
 20.434410 	 4.3596660
 20.439040 	 4.3537550
 20.443800 	 4.3478450
 20.448210 	 4.3419220
 20.452540 	 4.3359680
 20.456930 	 4.3298570
 20.461840 	 4.3238970
 20.466030 	 4.3178970
 20.470770 	 4.3121120
 20.474910 	 4.3059880
 20.479540 	 4.3000990
 20.484080 	 4.2937180
 20.488560 	 4.2877310
 20.493350 	 4.2813820
 20.497240 	 4.2754010
 20.502630 	 4.2696090
 20.507260 	 4.2634700
 20.511250 	 4.2573390
 20.516700 	 4.2512150
 20.520460 	 4.2445690
 20.525880 	 4.2383070
 20.530140 	 4.2318680
 20.534080 	 4.2257410
 20.538790 	 4.2195840
 20.542990 	 4.2134200
 20.547640 	 4.2070720
 20.551910 	 4.2007430
 20.556570 	 4.1943660
 20.560840 	 4.1879140
 20.565540 	 4.1816770
 20.569300 	 4.1753630
 20.573680 	 4.1690860
 20.578210 	 4.1627210
 20.582980 	 4.1563890
 20.588080 	 4.1499460
 20.592740 	 4.1435340
 20.597420 	 4.1370060
 20.602410 	 4.1304370
 20.607080 	 4.1240000
 20.611360 	 4.1174450
 20.616010 	 4.1108380
 20.620270 	 4.1042660
 20.625110 	 4.0976530
 20.630310 	 4.0910990
 20.635340 	 4.0842940
 20.640760 	 4.0777110
 20.645910 	 4.0709670
 20.651080 	 4.0641290
 20.655930 	 4.0573860
 20.660590 	 4.0505780
 20.665310 	 4.0439340
 20.669780 	 4.0369830
 20.674020 	 4.0303270
 20.678870 	 4.0234720
 20.683470 	 4.0166630
 20.688570 	 4.0097550
 20.693480 	 4.0028690
 20.698720 	 3.9958950
 20.703740 	 3.9889670
 20.709040 	 3.9819940
 20.713940 	 3.9750920
 20.718940 	 3.9680920
 20.723570 	 3.9611730
 20.728230 	 3.9540970
 20.732960 	 3.9470970
 20.737330 	 3.9401240
 20.742130 	 3.9330070
 20.746120 	 3.9260040
 20.750910 	 3.9187870
 20.755850 	 3.9117790
 20.760310 	 3.9045380
 20.765290 	 3.8974180
 20.769930 	 3.8901650
 20.774800 	 3.8831680
 20.779550 	 3.8758430
 20.784150 	 3.8685000
 20.789150 	 3.8612700
 20.794280 	 3.8539910
 20.799500 	 3.8466400
 20.804000 	 3.8391310
 20.809240 	 3.8319220
 20.814710 	 3.8242730
 20.818450 	 3.8166530
 20.822740 	 3.8091750
 20.827130 	 3.8017080
 20.831370 	 3.7943150
 20.835700 	 3.7869570
 20.839460 	 3.7794490
 20.844120 	 3.7720260
 20.848060 	 3.7645790
 20.852460 	 3.7571680
 20.856610 	 3.7496880
 20.860740 	 3.7422210
 20.865450 	 3.7346950
 20.869650 	 3.7271190
 20.874280 	 3.7196530
 20.878560 	 3.7120130
 20.883110 	 3.7044120
 20.887870 	 3.6966900
 20.892510 	 3.6890020
 20.897220 	 3.6812280
 20.901820 	 3.6735690
 20.906860 	 3.6657400
 20.911460 	 3.6579740
 20.916290 	 3.6501000
 20.921150 	 3.6422950
 20.926040 	 3.6343520
 20.931110 	 3.6263620
 20.935930 	 3.6185110
 20.941030 	 3.6104800
 20.946060 	 3.6025220
 20.951240 	 3.5944400
 20.955950 	 3.5864330
 20.961250 	 3.5783570
 20.966630 	 3.5703440
 20.971540 	 3.5621350
 20.976310 	 3.5540490
 20.981510 	 3.5458960
 20.986550 	 3.5377190
 20.991410 	 3.5295260
 20.996310 	 3.5213680
 21.001080 	 3.5131860
 21.006110 	 3.5049550
 21.011110 	 3.4966780
 21.015720 	 3.4883840
 21.020930 	 3.4801390
 21.025800 	 3.4718470
 21.030570 	 3.4635030
 21.035670 	 3.4552070
 21.040930 	 3.4468420
 21.045520 	 3.4383990
 21.050770 	 3.4300210
 21.055320 	 3.4215960
 21.060340 	 3.4131580
 21.065100 	 3.4046300
 21.070290 	 3.3960750
 21.074800 	 3.3876660
 21.079710 	 3.3790550
 21.084550 	 3.3704110
 21.089490 	 3.3618990
 21.094710 	 3.3533240
 21.099420 	 3.3446790
 21.104550 	 3.3358960
 21.109340 	 3.3272820
 21.113990 	 3.3185740
 21.119100 	 3.3098990
 21.123680 	 3.3011420
 21.128360 	 3.2923660
 21.133490 	 3.2836570
 21.138680 	 3.2747670
 21.143430 	 3.2659130
 21.148520 	 3.2571620
 21.153310 	 3.2482130
 21.158620 	 3.2393350
 21.162680 	 3.2303950
 21.168100 	 3.2215450
 21.173110 	 3.2124990
 21.177590 	 3.2035020
 21.182540 	 3.1946290
 21.187430 	 3.1855600
 21.192580 	 3.1764680
 21.197310 	 3.1674690
 21.202120 	 3.1583450
 21.207360 	 3.1492990
 21.212140 	 3.1400920
 21.216780 	 3.1309290
 21.221710 	 3.1216860
 21.226680 	 3.1124040
 21.231540 	 3.1033260
 21.236350 	 3.0941780
 21.241540 	 3.0849730
 21.246310 	 3.0755620
 21.251570 	 3.0660570
 21.256230 	 3.0566810
 21.261250 	 3.0474530
 21.266170 	 3.0383450
 21.271180 	 3.0287230
 21.275970 	 3.0190660
 21.281320 	 3.0095490
 21.286150 	 3.0002400
 21.291190 	 2.9909180
 21.296010 	 2.9813940
 21.301180 	 2.9716890
 21.306150 	 2.9620750
 21.310420 	 2.9526100
 21.315750 	 2.9432180
 21.321260 	 2.9334510
 21.326630 	 2.9236760
 21.330740 	 2.9140220
 21.335360 	 2.9044600
 21.340800 	 2.8947500
 21.347290 	 2.8848880
 21.351500 	 2.8751420
 21.355130 	 2.8654350
 21.360490 	 2.8557180
 21.366610 	 2.8458100
 21.371680 	 2.8359680
 21.375230 	 2.8260970
 21.380210 	 2.8163370
 21.386060 	 2.8064030
 21.390970 	 2.7964000
 21.395550 	 2.7864800
 21.401200 	 2.7764810
 21.406430 	 2.7663940
 21.410800 	 2.7562530
 21.415440 	 2.7462430
 21.420290 	 2.7361330
 21.425440 	 2.7260560
 21.430000 	 2.7159010
 21.434700 	 2.7058340
 21.439580 	 2.6955140
 21.444380 	 2.6854080
 21.449040 	 2.6751690
 21.454000 	 2.6650030
 21.458900 	 2.6547030
 21.463960 	 2.6444300
 21.468800 	 2.6340660
 21.473770 	 2.6237580
 21.478410 	 2.6134050
 21.483760 	 2.6030550
 21.488680 	 2.5926300
 21.493700 	 2.5821460
 21.498620 	 2.5715760
 21.503930 	 2.5611620
 21.508820 	 2.5507360
 21.514160 	 2.5398360
 21.519050 	 2.5293190
 21.524300 	 2.5188950
 21.529350 	 2.5078690
 21.534880 	 2.4971030
 21.540000 	 2.4866450
 21.544820 	 2.4755990
 21.549630 	 2.4648290
 21.555010 	 2.4541320
 21.560830 	 2.4430950
 21.564890 	 2.4323090
 21.569940 	 2.4213370
 21.576710 	 2.4102790
 21.580320 	 2.3994030
 21.585820 	 2.3883320
 21.592050 	 2.3771890
 21.596060 	 2.3661850
 21.601440 	 2.3550110
 21.606730 	 2.3437840
 21.611640 	 2.3326310
 21.617110 	 2.3213660
 21.622060 	 2.3101120
 21.627670 	 2.2988180
 21.632560 	 2.2875360
 21.637380 	 2.2761790
 21.642960 	 2.2647550
 21.648170 	 2.2534030
 21.652900 	 2.2419040
 21.658400 	 2.2303370
 21.663480 	 2.2189200
 21.668730 	 2.2073610
 21.673410 	 2.1957810
 21.678900 	 2.1841620
 21.684140 	 2.1725220
 21.688940 	 2.1606730
 21.694090 	 2.1492470
 21.699470 	 2.1374140
 21.704200 	 2.1256050
 21.709450 	 2.1140620
 21.714700 	 2.1019060
 21.720020 	 2.0904930
 21.725250 	 2.0783870
 21.729800 	 2.0666330
 21.735740 	 2.0547240
 21.740510 	 2.0428510
 21.745190 	 2.0308950
 21.751710 	 2.0189460
 21.754830 	 2.0071230
 21.761960 	 1.9950240
 21.765690 	 1.9829930
 21.771690 	 1.9710340
 21.776490 	 1.9590420
 21.781780 	 1.9470420
 21.786910 	 1.9348480
 21.791720 	 1.9229360
 21.797470 	 1.9108450
 21.802160 	 1.8986990
 21.807850 	 1.8865940
 21.812320 	 1.8745040
 21.817720 	 1.8623980
 21.822950 	 1.8502600
 21.828230 	 1.8380810
 21.833220 	 1.8259620
 21.838350 	 1.8138080
 21.843710 	 1.8015120
 21.848560 	 1.7896130
 21.853990 	 1.7771270
 21.859050 	 1.7653160
 21.864130 	 1.7527300
 21.869200 	 1.7408660
 21.874610 	 1.7284450
 21.879340 	 1.7164340
 21.885360 	 1.7041370
 21.888980 	 1.6919590
 21.896080 	 1.6797160
 21.899530 	 1.6676410
 21.906130 	 1.6552600
 21.909690 	 1.6431480
 21.916060 	 1.6308360
 21.920580 	 1.6187650
 21.926210 	 1.6064590
 21.931170 	 1.5941810
 21.936500 	 1.5819860
 21.941350 	 1.5697440
 21.946730 	 1.5574800
 21.951730 	 1.5452180
 21.956890 	 1.5329960
 21.962070 	 1.5207170
 21.967240 	 1.5085230
 21.972450 	 1.4962380
 21.977510 	 1.4838170
 21.982450 	 1.4718000
 21.988000 	 1.4593870
 21.992970 	 1.4472490
 21.998150 	 1.4349880
 22.003340 	 1.4226320
 22.008160 	 1.4105180
 22.014250 	 1.3980580
 22.017850 	 1.3859210
 22.024310 	 1.3735520
 22.028800 	 1.3613630
 22.034070 	 1.3490370
 22.039550 	 1.3368080
 22.044160 	 1.3245180
 22.049830 	 1.3122690
 22.054980 	 1.2999740
 22.059860 	 1.2876940
 22.065060 	 1.2754550
 22.070340 	 1.2632140
 22.075480 	 1.2509150
 22.080400 	 1.2386080
 22.085660 	 1.2263980
 22.090990 	 1.2141660
 22.096220 	 1.2018040
 22.100920 	 1.1897190
 22.105930 	 1.1773060
 22.111210 	 1.1649420
 22.116630 	 1.1529480
 22.121680 	 1.1402670
 22.126950 	 1.1282930
 22.130900 	 1.1159740
 22.137900 	 1.1036040
 22.141440 	 1.0914650
 22.147380 	 1.0790370
 22.152440 	 1.0668500
 22.157070 	 1.0545610
 22.162850 	 1.0422770
 22.167390 	 1.0300410
 22.172620 	 1.0176890
 22.177860 	 1.0053500
 22.182480 	 0.9931832
 22.187870 	 0.9808061
 22.192680 	 0.9685456
 22.197540 	 0.9562480
 22.202990 	 0.9438275
 22.207690 	 0.9317566
 22.213050 	 0.9194373
 22.217760 	 0.9068965
 22.222970 	 0.8950027
 22.227470 	 0.8825817
 22.233610 	 0.8701604
 22.237670 	 0.8580773
 22.242290 	 0.8458353
 22.248570 	 0.8334778
 22.252570 	 0.8213735
 22.257920 	 0.8090246
 22.263000 	 0.7967868
 22.267860 	 0.7845564
 22.272640 	 0.7723610
 22.278070 	 0.7600935
 22.282700 	 0.7478978
 22.287480 	 0.7356946
 22.292590 	 0.7234643
 22.297610 	 0.7113990
 22.302420 	 0.6992564
 22.307250 	 0.6868042
 22.311980 	 0.6748708
 22.317220 	 0.6630155
 22.321840 	 0.6505618
 22.327170 	 0.6384730
 22.331040 	 0.6265254
 22.335780 	 0.6145627
 22.341800 	 0.6023969
 22.345770 	 0.5904106
 22.350150 	 0.5786343
 22.355130 	 0.5666128
 22.360050 	 0.5547112
 22.364480 	 0.5428196
 22.368780 	 0.5310069
 22.373640 	 0.5191569
 22.378070 	 0.5075260
 22.382800 	 0.4958611
 22.387230 	 0.4840705
 22.391660 	 0.4722967
 22.396120 	 0.4610910
 22.400510 	 0.4497284
 22.405160 	 0.4380139
 22.409910 	 0.4266217
 22.413310 	 0.4155271
 22.417300 	 0.4043805
 22.422380 	 0.3931778
 22.426660 	 0.3821007
 22.430630 	 0.3712291
 22.434350 	 0.3604441
 22.438750 	 0.3497439
 22.443100 	 0.3390849
 22.446680 	 0.3286158
 22.450530 	 0.3182809
 22.454490 	 0.3080025
 22.458240 	 0.2979738
 22.462130 	 0.2882552
 22.465300 	 0.2784950
 22.469180 	 0.2686548
 22.472670 	 0.2594257
 22.475570 	 0.2504044
 22.479360 	 0.2411547
 22.483260 	 0.2322804
 22.485610 	 0.2237850
 22.488360 	 0.2154808
 22.491870 	 0.2071324
 22.494840 	 0.1992266
 22.497290 	 0.1916439
 22.499890 	 0.1841113
 22.502530 	 0.1769043
 22.505150 	 0.1699132
 22.507490 	 0.1632144
 22.509850 	 0.1568820
 22.511950 	 0.1505597
 22.513700 	 0.1448687
 22.515950 	 0.1389678
 22.518000 	 0.1334798
 22.519760 	 0.1286562
 22.521020 	 0.1234894
 22.523560 	 0.1186473
 22.524560 	 0.1142109
 22.525610 	 0.1100187
 22.527780 	 0.1057451
 22.528730 	 0.1018936
 22.530020 	 0.0982942
 22.531230 	 0.0947368
 22.532590 	 0.0913590
 22.533240 	 0.0882491
 22.534410 	 0.0852009
 22.535480 	 0.0823197
 22.536010 	 0.0795912
 22.537060 	 0.0770339
 22.537810 	 0.0744812
 22.538430 	 0.0723848
 22.538980 	 0.0698853
 22.540080 	 0.0676147
 22.540370 	 0.0659820
 22.540920 	 0.0637436
 22.541960 	 0.0619209
 22.541380 	 0.0602761
 22.542430 	 0.0585424
 22.543720 	 0.0568321
 22.543250 	 0.0554062
 22.544020 	 0.0538845
 22.544500 	 0.0525121
 22.544630 	 0.0511190
 22.545120 	 0.0497826
 22.545230 	 0.0485416
 22.545430 	 0.0473315
 22.545800 	 0.0462393
 22.545880 	 0.0450617
 22.546220 	 0.0440521
 22.546660 	 0.0428988
 22.546640 	 0.0421565
 22.546840 	 0.0409637
 22.546890 	 0.0399853
 22.547320 	 0.0394366
 22.547760 	 0.0382048
 22.547810 	 0.0375546
 22.546710 	 0.0367546
 22.548370 	 0.0358548
 22.547580 	 0.0351664
 22.547630 	 0.0344217
 22.548120 	 0.0336260
 22.547790 	 0.0330042
 22.548230 	 0.0322470
 22.548330 	 0.0316127
 22.548070 	 0.0309213
 22.548530 	 0.0302718
 22.548340 	 0.0297128
 22.548430 	 0.0290651
 22.548590 	 0.0269159
 22.548250 	 0.0261661
 22.548540 	 0.0252414
 22.548670 	 0.0246673
 22.548470 	 0.0236282
 22.548860 	 0.0227881
 22.548650 	 0.0222323
 22.549100 	 0.0212793

 Ref Cell:    
 99.771630 
 99.763630 
 99.754970 
 99.748250 
 99.741490 
 99.737920 
 99.731320 
 99.726910 
 99.716380 
 99.714000 
 99.711370 
 99.703040 
 99.702230 
 99.695190 
 99.692630 
 99.686150 
 99.682910 
 99.679560 
 99.675790 
 99.667660 
 99.666430 
 99.658260 
 99.657090 
 99.652360 
 99.649440 
 99.645420 
 99.639970 
 99.636920 
 99.631610 
 99.627170 
 99.623470 
 99.620770 
 99.614650 
 99.609960 
 99.604400 
 99.602560 
 99.595160 
 99.593830 
 99.591340 
 99.587260 
 99.583420 
 99.577300 
 99.576270 
 99.569440 
 99.565800 
 99.561240 
 99.559500 
 99.553610 
 99.548850 
 99.546390 
 99.541210 
 99.538850 
 99.535400 
 99.533350 
 99.529790 
 99.523110 
 99.519120 
 99.513880 
 99.513210 
 99.506940 
 99.505080 
 99.498170 
 99.497610 
 99.492940 
 99.489560 
 99.486670 
 99.480670 
 99.479710 
 99.475750 
 99.473860 
 99.468320 
 99.464270 
 99.461540 
 99.458510 
 99.453680 
 99.451300 
 99.449450 
 99.445010 
 99.443240 
 99.438740 
 99.432350 
 99.434070 
 99.427600 
 99.427640 
 99.424060 
 99.424530 
 99.419330 
 99.413940 
 99.412640 
 99.410140 
 99.405870 
 99.403740 
 99.399190 
 99.394780 
 99.393750 
 99.389060 
 99.387250 
 99.383510 
 99.379920 
 99.376470 
 99.374570 
 99.371170 
 99.367520 
 99.362910 
 99.362010 
 99.358630 
 99.355000 
 99.352300 
 99.347820 
 99.346280 
 99.342680 
 99.339050 
 99.340290 
 99.336340 
 99.334430 
 99.330510 
 99.329450 
 99.324920 
 99.324300 
 99.316440 
 99.317350 
 99.314180 
 99.311640 
 99.306500 
 99.303530 
 99.304300 
 99.301150 
 99.299960 
 99.296060 
 99.293340 
 99.291640 
 99.288550 
 99.286460 
 99.282260 
 99.281910 
 99.278050 
 99.275790 
 99.277560 
 99.272170 
 99.274390 
 99.270210 
 99.265980 
 99.267270 
 99.260670 
 99.260710 
 99.257460 
 99.257290 
 99.252910 
 99.248570 
 99.249470 
 99.242710 
 99.244160 
 99.239040 
 99.238690 
 99.237040 
 99.233990 
 99.232540 
 99.229630 
 99.226100 
 99.224980 
 99.221020 
 99.217880 
 99.217400 
 99.215350 
 99.213560 
 99.210690 
 99.208960 
 99.208460 
 99.205990 
 99.203450 
 99.206640 
 99.200100 
 99.199620 
 99.200090 
 99.194220 
 99.193660 
 99.193450 
 99.189410 
 99.187710 
 99.185650 
 99.183250 
 99.185420 
 99.180170 
 99.179610 
 99.180210 
 99.175400 
 99.174100 
 99.171230 
 99.168770 
 99.165980 
 99.163600 
 99.161640 
 99.159560 
 99.158600 
 99.156900 
 99.156360 
 99.153200 
 99.152780 
 99.150670 
 99.146420 
 99.145650 
 99.143860 
 99.141330 
 99.139410 
 99.138520 
 99.140130 
 99.134320 
 99.132740 
 99.132290 
 99.132070 
 99.127090 
 99.124920 
 99.126290 
 99.123260 
 99.122730 
 99.119220 
 99.119860 
 99.118040 
 99.117640 
 99.113780 
 99.113250 
 99.111280 
 99.113760 
 99.110120 
 99.106920 
 99.110660 
 99.109250 
 99.105000 
 99.104520 
 99.103580 
 99.103020 
 99.100780 
 99.100330 
 99.099560 
 99.096790 
 99.096630 
 99.094590 
 99.093560 
 99.092430 
 99.093190 
 99.090640 
 99.088670 
 99.086700 
 99.085560 
 99.083440 
 99.082780 
 99.082450 
 99.081420 
 99.078580 
 99.078400 
 99.076580 
 99.075550 
 99.076350 
 99.075510 
 99.074020 
 99.070360 
 99.070300 
 99.070400 
 99.071360 
 99.069690 
 99.065070 
 99.064190 
 99.066090 
 99.067330 
 99.061780 
 99.058510 
 99.059360 
 99.060520 
 99.059580 
 99.057310 
 99.056560 
 99.056240 
 99.054750 
 99.053790 
 99.051860 
 99.050940 
 99.051960 
 99.051240 
 99.048710 
 99.044920 
 99.044750 
 99.046650 
 99.046740 
 99.044040 
 99.044230 
 99.039230 
 99.040270 
 99.041150 
 99.040230 
 99.039590 
 99.037840 
 99.036630 
 99.036030 
 99.035180 
 99.034330 
 99.031490 
 99.031430 
 99.029570 
 99.029470 
 99.029500 
 99.026750 
 99.025950 
 99.026990 
 99.024610 
 99.024780 
 99.023990 
 99.023540 
 99.022160 
 99.020370 
 99.019660 
 99.016850 
 99.018590 
 99.014840 
 99.014600 
 99.013640 
 99.014580 
 99.012260 
 99.014120 
 99.011090 
 99.012450 
 99.010300 
 99.010550 
 99.010280 
 99.009640 
 99.008420 
 99.007740 
 99.009280 
 99.007100 
 99.007550 
 99.008190 
 99.007170 
 99.007060 
 99.006700 
 99.004680 
 99.003230 
 99.019000 
 99.003400 
 99.004750 
 99.004410 
 99.005350 
 99.006680 
 99.004620 
 99.006770 
 99.007110 
 99.004630 
 99.003540 
 99.003020 
 98.999820 
 98.998660 
 98.997250 
 98.997980 
 98.998030 
 98.999150 
 98.999040 
 98.999090 
 98.997460 
 98.996380 
 98.996110 
 98.993660 
 98.993730 
 98.990890 
 98.988820 
 98.985600 
 98.985800 
 98.986440 
 98.983280 
 98.982990 
 98.981050 
 98.980290 
 98.979360 
 98.978180 
 98.978310 
 98.977530 
 98.977910 
 98.976550 
 98.976080 
 98.976710 
 98.977420 
 98.975440 
 98.977960 
 98.978200 
 98.976600 
 98.977550 
 98.974650 
 98.976470 
 98.974270 
 98.974590 
 98.971320 
 98.969310 
 98.968420 
 98.968060 
 98.967030 
 98.964780 
 98.964670 
 98.962920 
 98.960040 
 98.960670 
 98.958630 
 98.958580 
 98.958550 
 98.957820 
 98.957450 
 98.957890 
 98.958740 
 98.959740 
 98.957980 
 98.959970 
 98.960390 
 98.958850 
 98.959850 
 98.956940 
 98.956760 
 98.956220 
 98.955530 
 98.956920 
 98.955460 
 98.955220 
 98.958870 
 98.956380 
 98.957500 
 98.957600 
 98.957940 
 98.956450 
 98.955070 
 98.954850 
 98.951480 
 98.950460 
 98.950190 
 98.950130 
 98.951250 
 98.952610 
 98.950840 
 98.950900 
 98.949070 
 98.947920 
 98.945410 
 98.946160 
 98.945380 
 98.946420 
 98.945980 
 98.945650 
 98.943740 
 98.945290 
 98.945270 
 98.942150 
 98.944440 
 98.943270 
 98.943190 
 98.944790 
 98.943740 
 98.942050 
 98.944580 
 98.944790 
 98.945050 
 98.942170 
 98.943860 
 98.940270 
 98.943450 
 98.941280 
 98.943570 
 98.941850 
 98.941520 
 98.942700 
 98.941600 
 98.940680 
 98.941180 
 98.941060 
 98.939030 
 98.939400 
 98.940010 
 98.938920 
 98.940500 
 98.940410 
 98.939650 
 98.936780 
 98.938180 
 98.938060 
 98.936680 
 98.936060 
 98.933500 
 98.931980 
 98.932900 
 98.933020 
 98.931430 
 98.929690 
 98.927090 
 98.931160 
 98.928920 
 98.928240 
 98.925750 
 98.925100 
 98.925740 
 98.926790 
 98.925460 
 98.924020 
 98.922760 
 98.924320 
 98.922130 
 98.922330 
 98.924740 
 98.920940 
 98.919660 
 98.921820 
 98.922750 
 98.919880 
 98.921040 
 98.923000 
 98.922580 
 98.919780 
 98.922210 
 98.921620 
 98.920750 
 98.921340 
 98.920160 
 98.922170 
 98.921200 
 98.921120 
 98.921180 
 98.921160 
 98.921330 
 98.920210 
 98.919070 
 98.920680 
 98.920600 
 98.919530 
 98.921180 
 98.920360 
 98.920580 
 98.919590 
 98.919420 
 98.921350 
 98.919430 
 98.918290 
 98.922800 
 98.920390 
 98.919590 
 98.920270 
 98.922360 
 98.920110 
 98.920650 
 98.920690 
 98.919890 
 98.921780 
 98.919730 
 98.921620 
 98.918860 
 98.919530 
 98.921420 
 98.919410 
 98.920330 
 98.920110 
 98.917400 
 98.920940 
 98.918910 
 98.919800 
 98.918740 
 98.919490 
 98.919840 
 98.919650 
 98.922710 
 98.921240 
 98.920670 
 98.922820 
 98.921360 
 98.919700 
 98.920170 
 98.920010 
 98.919890 
 98.918430 
 98.917940 
 98.920570 
 98.917710 
 98.918300 
 98.918040 
 98.917970 
 98.915050 
 98.919980 
 98.915480 
 98.915990 
 98.916630 
 98.915430 
 98.919390 
 98.915390 
 98.916350 
 98.916400 
 98.917350 
 98.915720 
 98.915110 
 98.916030 
 98.915990 
 98.914930 
 98.916480 
 98.913680 
 98.916370 
 98.917400 
 98.914710 
 98.916630 
 98.914700 
 98.913890 
 98.913480 
 98.914790 
 98.913820 
 98.914330 
 98.915250 
 98.912540 
 98.914330 
 98.912310 
 98.914000 
 98.911020 
 98.912270 
 98.911250 
 98.912680 
 98.912740 
 98.911570 
 98.909700 
 98.912190 
 98.913330 
 98.909540 
 98.910960 
 98.908900 
 98.911710 
 98.908690 
 98.908890 
 98.907800 
 98.908260 
 98.908150 
 98.905610 
 98.908020 
 98.906900 
 98.907730 
 98.905680 
 98.904300 
 98.906030 
 98.906680 
 98.905660 
 98.905310 
 98.907200 
 98.904760 
 98.906500 
 98.904530 
 98.906280 
 98.904500 
 98.907950 
 98.903600 
 98.905070 
 98.905160 
 98.901060 
 98.904400 
 98.906740 
 98.903350 
 98.904050 
 98.902890 
 98.903190 
 98.902980 
 98.903340 
 98.902360 
 98.903050 
 98.903080 
 98.901110 
 98.903720 
 98.899890 
 98.902400 
 98.902290 
 98.899240 
 98.899890 
 98.899250 
 98.897200 
 98.899260 
 98.899730 
 98.898840 
 98.899640 
 98.898740 
 98.900940 
 98.899260 
 98.899180 
 98.899250 
 98.900150 
 98.900390 
 98.901280 
 98.899660 
 98.901690 
 98.903070 
 98.900630 
 98.902620 
 98.904800 
 98.903700 
 98.901110 
 98.900780 
 98.900810 
 98.902460 
 98.900120 
 98.899520 
 98.901200 
 98.901280 
 98.900380 
 98.900030 
 98.900020 
 98.899120 
 98.896830 
 98.900960 
 98.898140 
 98.897820 
 98.895500 
 98.899770 
 98.899290 
 98.898030 
 98.897040 
 98.896910 
 98.899100 
 98.897040 
 98.894710 
 98.897090 
 98.898060 
 98.896310 
 98.895840 
 98.898570 
 98.896290 
 98.894200 
 98.896480 
 98.894550 
 98.892390 
 98.894290 
 98.896890 
 98.895380 
 98.896180 
 98.895470 
 98.896970 
 98.895450 
 98.895220 
 98.896160 
 98.895190 
 98.894170 
 98.894670 
 98.893560 
 98.892320 
 98.896550 
 98.893850 
 98.893800 
 98.895610 
 98.894970 
 98.893460 
 98.894900 
 98.897020 
 98.892680 
 98.895120 
 98.895140 
 98.893470 
 98.892260 
 98.894390 
 98.892730 
 98.892330 
 98.892840 
 98.889810 
 98.893300 
 98.891160 
 98.889920 
 98.891480 
 98.889310 
 98.889220 
 98.890490 
 98.889400 
 98.886380 
 98.889440 
 98.886530 
 98.887060 
 98.887470 
 98.886160 
 98.887110 
 98.887700 
 98.888860 
 98.886240 
 98.889940 
 98.885690 
 98.889350 
 98.885730 
 98.888130 
 98.884540 
 98.886570 
 98.886710 
 98.884320 
 98.886050 
 98.887650 
 98.883280 
 98.885670 
 98.885490 
 98.882760 
 98.887080 
 98.886020 
 98.884530 
 98.885310 
 98.884310 
 98.884560 
 98.885120 
 98.882030 
 98.881620 
 98.882960 
 98.882740 
 98.879500 
 98.881490 
 98.879460 
 98.880070 
 98.881540 
 98.879390 
 98.882300 
 98.879500 
 98.881460 
 98.880710 
 98.878630 
 98.880460 
 98.880150 
 98.879280 
 98.878910 
 98.880570 
 98.879910 
 98.878850 
 98.880580 
 98.876900 
 98.878510 
 98.876210 
 98.877550 
 98.875380 
 98.878420 
 98.876720 
 98.877400 
 98.876630 
 98.878420 
 98.877950 
 98.876900 
 98.878880 
 98.877170 
 98.878230 
 98.876260 
 98.876950 
 98.876970 
 98.876650 
 98.874600 
 98.876930 
 98.877040 
 98.875100 
 98.876740 
 98.880660 
 98.877760 
 98.880840 
 98.876580 
 98.880740 
 98.874570 
 98.878440 
 98.879520 
 98.879300 
 98.877810 
 98.879270 
 98.875170 
 98.877560 
 98.875270 
 98.876560 
 98.875370 
 98.875700 
 98.874820 
 98.875330 
 98.872410 
 98.874650 
 98.875500 
 98.873510 
 98.873310 
 98.873930 
 98.873220 
 98.873950 
 98.870770 
 98.869340 
 98.874530 
 98.869750 
 98.872110 
 98.869840 
 98.869690 
 98.870720 
 98.869110 
 98.870950 
 98.869790 
 98.870750 
 98.871900 
 98.871120 
 98.869510 
 98.873180 
 98.872760 
 98.873100 
 98.871350 
 98.873340 
 98.872020 
 98.873780 
 98.874920 
 98.872310 
 98.871480 
 98.873130 
 98.873310 
 98.870310 
 98.873440 
 98.872660 
 98.868950 
 98.873130 
 98.869190 
 98.869010 
 98.872180 
 98.870150 
 98.870350 
 98.872810 
 98.869510 
 98.870570 
 98.869320 
 98.872120 
 98.870460 
 98.872990 
 98.871620 
 98.869840 
 98.871890 
 98.868920 
 98.869640 
 98.871030 
 98.869960 
 98.870950 
 98.870790 
 98.871100 
 98.872320 
 98.869610 
 98.871510 
 98.872580 
 98.871900 
 98.872030 
 98.873930 
 98.871730 
 98.872750 
 98.870810 
 98.872590 
 98.872680 
 98.870520 
 98.868360 
 98.871540 
 98.866780 
 98.866790 
 98.867760 
 98.865340 
 98.866800 
 98.868930 
 98.864410 
 98.866940 
 98.864850 
 98.864780 
 98.867360 
 98.865150 
 98.868200 
 98.866460 
 98.864780 
 98.866720 
 98.867590 
 98.863110 
 98.866170 
 98.867100 
 98.864560 
 98.864200 
 98.865600 
 98.862100 
 98.863370 
 98.861780 
 98.864240 
 98.864250 
 98.864020 
 98.864340 
 98.863530 
 98.864800 
 98.865880 
 98.865170 
 98.863400 
 98.865200 
 98.866450 
 98.866720 
 98.860030 
 98.864060 
 98.864170 
 98.862050 
 98.862280 
 98.861540 
 98.864730 
 98.861910 
 98.864460 
 98.863880 
 98.862200 
 98.861340 
 98.861740 
 98.860750 
 98.860120 
 98.860470 
 98.863110 
 98.861460 
 98.861410 
 98.865430 
 98.864360 
 98.867930 
 98.863860 
 98.866210 
 98.863100 
 98.863690 
 98.866520 
 98.865300 
 98.865530 
 98.864440 
 98.865650 
 98.864020 
 98.862630 
 98.862180 
 98.863570 
 98.865390 
 98.863390 
 98.863280 
 98.864370 
 98.862790 
 98.861670 
 98.862040 
 98.863750 
 98.862860 
 98.862610 
 98.865520 
 98.864200 
 98.859670 
 98.858020 
 98.863070 
 98.864120 
 98.861940 
 98.858630 
 98.857480 
 98.859340 
 98.859700 
 98.858960 
 98.854570 
 98.855840 
 98.856540 
 98.856080 
 98.856450 
 98.855050 
 98.855130 
 98.855020 
 98.856710 
 98.856820 
 98.856880 
 98.851330 
 98.852650 
 98.852250 
 98.854440 
 98.855020 
 98.853730 
 98.852180 
 98.854060 
 98.854350 
 98.857270 
 98.856670 
 98.855200 
 98.855710 
 98.855000 
 98.857060 
 98.858980 
 98.859380 
 98.857140 
 98.856400 
 98.855660 
 98.858350 
 98.859210 
 98.860170 
 98.858730 
 98.858140 
 98.856600 
 98.858250 
 98.858100 
 98.859700 
 98.857920 
 98.854950 
 98.856630 
 98.856350 
 98.856070 
 98.859370 
 98.857650 
 98.857130 
 98.858180 
 98.859470 
 98.857100 
 98.856730 
 98.856580 
 98.857460 
 98.858310 
 98.857150 
 98.855200 
 98.856900 
 98.855000 
 98.855570 
 98.857060 
 98.856070 
 98.855230 
 98.855940 
 98.856090 
 98.855210 
 98.852950 
 98.852420 
 98.854890 
 98.853740 
 98.853340 
 98.852050 
 98.854840 
 98.851330 
 98.853660 
 98.853650 
 98.855660 
 98.853320 
 98.856990 
 98.854020 
 98.855050 
 98.853330 
 98.855870 
 98.853380 
 98.854720 
 98.854840 
 98.852860 
 98.850820 
 98.853890 
 98.852020 
 98.850590 
 98.848910 
 98.850200 
 98.849120 
 98.847360 
 98.848530 
 98.849160 
 98.847240 
 98.849680 
 98.849770 
 98.851150 
 98.851590 
 98.852000 
 98.852790 
 98.854290 
 98.854060 
 98.857480 
 98.855530 
 98.855130 
 98.855530 
 98.857690 
 98.856350 
 98.859080 
 98.856740 
 98.857990 
 98.856450 
 98.858190 
 98.856540 
 98.857100 
 98.856190 
 98.853930 
 98.855460 
 98.855000 
 98.854750 
 98.854360 
 98.852100 
 98.851810 
 98.853140 
 98.854790 
 98.853820 
 98.849820 
 98.851390 
 98.848390 
 98.851510 
 98.850960 
 98.854390 
 98.853200 
 98.856420 
 98.854840 
 98.859300 
 98.859710 
 98.861580 
 98.862000 
 98.859990 
 98.860860 
 98.858180 
 98.859890 
 98.856670 
 98.859700 
 98.857690 
 98.859110 
 98.859260 
 98.861110 
 98.859900 
 98.861890 
 98.859660 
 98.859750 
 98.863740 
 98.864180 
 98.861960 
 98.860990 
 98.860240 
 98.861310 
 98.860890 
 98.865230 
 98.863820 
 98.862340 
 98.862690 
 98.859990 
 98.864720 
 98.863660 
 98.866560 
 98.865310 
 98.865750 
 98.860860 
 98.863140 
 98.864030 
 98.867510 
 98.866910 
 98.870020 
 98.865690 
 98.866120 
 98.868420 
 98.871500 
 98.871290 
 98.869540 
 98.870190 
 98.867940 
 98.870790 
 98.868720 
 98.875120 
 98.870190 
 98.872150 
 98.872850 
 98.876120 
 98.877360 
 98.874790 
 98.875560 
 98.874180 
 98.875380 
 98.875250 
 98.877840 
 98.877370 
 98.877670 
 98.875320 
 98.878230 
 98.876790 
 98.878560 
 98.876810 
 98.877630 
 98.874110 
 98.878310 
 98.874660 
 98.874980 
 98.875660 
 98.875340 
 98.872610 
 98.872630 
 98.873280 
 98.875920 
 98.874010 
 98.872810 
 98.874790 
 98.876130 
 98.873680 
 98.872320 
 98.874980 
 98.874370 
 98.872340 
 98.871700 
 98.873330 
 98.874470 
 98.875370 
 98.878460 
 98.878500 
 98.876710 
 98.876300 
 98.880510 
 98.879410 
 98.879560 
 98.883640 
 98.881880 
 98.879880 
 98.879780 
 98.883740 
 98.882480 
 98.886190 
 98.886920 
 98.884180 
 98.886870 
 98.885430 
 98.884960 
 98.886700 
 98.886660 
 98.887080 
 98.888080 
 98.887560 
 98.889940 
 98.889500 
 98.891930 
 98.886880 
 98.886670 
 98.893360 
 98.891010 
 98.888340 
 98.892610 
 98.890640 
 98.892280 
 98.891110 
 98.890150 
 98.891430 
 98.891240 
 98.890370 
 98.891020 
 98.889050 
 98.889850 
 98.886660 
 98.888820 
 98.887590 
 98.887020 
 98.884730 
 98.884850 
 98.886490 
 98.885130 
 98.882770 
 98.883030 
 98.882760 
 98.883380 
 98.882870 
 98.883460 
 98.881620 
 98.882380 
 98.883280 
 98.878390 
 98.879590 
 98.881870 
 98.876060 
 98.880870 
 98.882410 
 98.880150 
 98.881220 
 98.879170 
 98.881630 
 98.877850 
 98.882950 
 98.879520 
 98.884120 
 98.880060 
 98.880780 
 98.883210 
 98.882270 
 98.879810 
 98.879090 
 98.883800 
 98.882350 
 98.879290 
 98.882700 
 98.881220 
 98.882560 
 98.882350 
 98.884300 
 98.883180 
 98.884240 
 98.884740 
 98.882180 
 98.886050 
 98.880490 
 98.883950 
 98.881940 
 98.885380 
 98.886890 
 98.885090 
 98.885860 
 98.885190 
 98.886710 
 98.885960 
 98.884820 
 98.883800 
 98.887360 
 98.883820 
 98.885280 
 98.883220 
 98.882960 
 98.884770 
 98.884350 
 98.887350 
 98.884770 
 98.885030 
 98.883420 
 98.887100 
 98.883660 
 98.884010 
 98.882910 
 98.881580 
 98.882260 
 98.879500 
 98.884670 
 98.879880 
 98.881330 
 98.882260 
 98.880320 
 98.881430 
 98.878940 
 98.877810 
 98.879170 
 98.876700 
 98.875120 
 98.875050 
 98.874400 
 98.875790 
 98.874240 
 98.875790 
 98.874920 
 98.872950 
 98.872710 
 98.872200 
 98.871850 
 98.872170 
 98.871710 
 98.873460 
 98.874560 
 98.873000 
 98.873190 
 98.875320 
 98.874940 
 98.874210 
 98.873180 
 98.874180 
 98.873370 
 98.869140 
 98.872080 
 98.869770 
 98.868230 
 98.872120 
 98.868970 
 98.867000 
 98.869090 
 98.870920 
 98.864530 
 98.866200 
 98.865740 
 98.864560 
 98.861850 
 98.864230 
 98.866130 
 98.863200 
 98.867650 
 98.865250 
 98.865810 
 98.865100 
 98.869800 
 98.867990 
 98.869010 
 98.868660 
 98.869140 
 98.868840 
 98.869650 
 98.871890 
 98.871380 
 98.870860 
 98.871150 
 98.872510 
 98.870060 
 98.870720 
 98.872570 
 98.872860 
 98.871190 
 98.869990 
 98.874860 
 98.870670 
 98.871330 
 98.870100 
 98.870900 
 98.873970 
 98.871860 
 98.872070 
 98.874150 
 98.872870 
 98.870280 
 98.869650 
 98.870250 
 98.869960 
 98.869260 
 98.867680 
 98.870190 
 98.866360 
 98.868640 
 98.867450 
 98.869100 
 98.871290 
 98.874400 
 98.871830 
 98.872360 
 98.873180 
 98.875820 
 98.871700 
 98.876120 
 98.874890 
 98.876280 
 98.874840 
 98.875660 
 98.878270 
 98.873750 
 98.878440 
 98.875880 
 98.872140 
 98.876430 
 98.875150 
 98.875380 
 98.876830 
 98.878940 
 98.878120 
 98.877430 
 98.879760 
 98.877560 
 98.878660 
 98.878600 
 98.877710 
 98.878730 
 98.875640 
 98.876290 
 98.877850 
 98.876750 
 98.874630 
 98.877850 
 98.875300 
 98.877080 
 98.873050 
 98.873410 
 98.873210 
 98.878300 
 98.870980 
 98.872890 
 98.871890 
 98.874560 
 98.871860 
 98.872730 
 98.872060 
 98.873870 
 98.871270 
 98.872670 
 98.876720 
 98.872500 
 98.873550 
 98.872520 
 98.872730 
 98.874690 
 98.871420 
 98.873190 
 98.873130 
 98.873240 
 98.875270 
 98.872440 
 98.875550 
 98.870070 
 98.874450 
 98.872700 
 98.871290 
 98.870120 
 98.870200 
 98.869240 
 98.872280 
 98.868310 
 98.869760 
 98.870670 
 98.869780 
 98.868890 
 98.870290 
 98.870610 
 98.869780 
 98.871570 
 98.865040 
 98.872220 
 98.872540 
 98.866020 
 98.871250 
 98.869250 
 98.869940 
 98.870550 
 98.866310 
 98.870260 
 98.866200 
 98.869590 
 98.863660 
 98.868380 
 98.866780 
 98.866200 
 98.867170 
 98.865790 
 98.870050 
 98.866420 
 98.869290 
 98.866880 
 98.870740 
 98.866680 
 98.870020 
 98.866710 
 98.873120 
 98.867320 
 98.870660 
 98.869380 
 98.873180 
 98.873280 
 98.872320 
 98.874140 
 98.874710 
 98.871700 
 98.875350 
 98.870830 
 98.873500 
 98.867530 
 98.872200 
 98.868370 
 98.872090 
 98.865470 
 98.869010 
 98.867310 
 98.865520 
 98.866010 
 98.866950 
 98.862320 
 98.868040 
 98.859380 
 98.865190 
 98.859190 
 98.864730 
 98.859280 
 98.860730 
 98.857060 
 98.862540 
 98.858220 
 98.862010 
 98.857590 
 98.860980 
 98.859670 
 98.863100 
 98.856100 
 98.859990 
 98.859420 
 98.856230 
 98.857610 
 98.854750 
 98.857450 
 98.856050 
 98.856460 
 98.856510 
 98.856320 
 98.856580 
 98.854480 
 98.856180 
 98.854170 
 98.856710 
 98.853850 
 98.852420 
 98.858910 
 98.850580 
 98.857790 
 98.854060 
 98.854100 
 98.856330 
 98.851010 
 98.856950 
 98.854860 
 98.853040 
 98.856770 
 98.853910 
 98.856350 
 98.855260 
 98.855340 
 98.854740 
 98.854400 
 98.854480 
 98.851240 
 98.859370 
 98.853200 
 98.855870 
 98.855140 
 98.852330 
 98.856410 
 98.852010 
 98.854740 
 98.860400 
 98.848600 
 98.856770 
 98.858780 
 98.852100 
 98.858480 
 98.855230 
 98.855360 
 98.855130 
 98.858430 
 98.857540 
 98.856400 
 98.856590 
 98.856800 
 98.858050 
 98.852130 
 98.857090 
 98.854270 
 98.854860 
 98.856490 
 98.854270 
 98.855610 
 98.853420 
 98.850340 
 98.857400 
 98.848760 
 98.851750 
 98.853060 
 98.853000 
 98.849530 
 98.853110 
 98.849930 
 98.848650 
 98.847920 
 98.849020 
 98.849910 
 98.846450 
 98.840990 
 98.847520 
 98.842570 
 98.841500 
 98.843030 
 98.842450 
 98.839770 
 98.846280 
 98.839090 
 98.836740 
 98.846430 
 98.842210 
 98.834810 
 98.842660 
 98.844230 
 98.837670 
 98.840120 
 98.846600 
 98.840760 
 98.837510 
 98.849080 
 98.847080 
 98.843350 
 98.847700 
 98.849840 
 98.842120 
 98.843890 
 98.851170 
 98.847600 
 98.842690 
 98.847360 
 98.852130 
 98.848630 
 98.849180 
 98.853350 
 98.855130 
 98.850570 
 98.851280 
 98.857580 
 98.857030 
 98.853740 
 98.852520 
 98.862630 
 98.862560 
 98.854590 
 98.855170 
 98.865170 
 98.866300 
 98.859110 
 98.856580 
 98.863740 
 98.863220 
 98.859970 
 98.858910 
 98.860820 
 98.860550 
 98.862950 
 98.863880 
 98.858690 
 98.856690 
 98.864790 
 98.863550 
 98.854860 
 98.856280 
 98.863690 
 98.861920 
 98.852660 
 98.855730 
